tr1:
  joint_offsets:
    JointBaseWheelBL: -395.69954811985457
    JointBaseWheelBR: -0.030679615757714843
    JointBaseWheelFL: -395.8345384291884
    JointBaseWheelFR: -0.01227184630308594
    JointLeftElbowFlex: 2.791845033952051
    JointLeftForearmRoll: -2.97592272849834
    JointLeftGripper: -0.0
    JointLeftShoulderPan: -1.568751019077819
    JointLeftShoulderTilt: -2.822524649709765
    JointLeftUpperArmRoll: 0.024543692606171952
    JointLeftWristFlex: 1.1965050145508789
    JointLeftWristRoll: -0.0
    JointRightElbowFlex: -2.2518837966162697
    JointRightForearmRoll: -1.329450016167643
    JointRightGripper: -0.0
    JointRightShoulderPan: -0.02863430804053385
    JointRightShoulderTilt: 1.0124273200045897
    JointRightUpperArmRoll: 1.0737865515200191
    JointRightWristFlex: 2.4748223377889977
    JointRightWristRoll: -0.0
    JointTorsoExtension: -0.0
    base_to_body: -0.0
    base_to_wheel1: -0.0
    base_to_wheel2: -0.0
    base_to_wheel3: -0.0
    base_to_wheel4: -0.0
    neck_base_to_neck: -1.5217089415826563
    neck_to_head: 0.049087385212343904
  joint_read_ratio:
    JointLeftElbowFlex: 0.944444444
    JointLeftForearmRoll: 1.076923077
    JointLeftGripper: 1.0
    JointLeftShoulderPan: 1.0
    JointLeftShoulderTilt: 1.0
    JointLeftUpperArmRoll: 1.076923077
    JointLeftWristFlex: 0.923076923
    JointLeftWristRoll: 1.0
    JointRightElbowFlex: 0.944444444
    JointRightForearmRoll: 1.076923077
    JointRightGripper: 1.0
    JointRightShoulderPan: 1.0
    JointRightShoulderTilt: 1.0
    JointRightUpperArmRoll: 1.076923077
    JointRightWristFlex: 0.923076923
    JointRightWristRoll: 1.0
